1516115158 17536
1516115259 17541
1516122609 17542
1516718942 63605
1516721877 63618
1516722840 63619
1516727603 63633
1516821709 63702
1516907696 63703
1516914436 63722
1516916334 63722
1516924211 63711
1516924728 63711
1516925249 63714
1516929383 63714
1516930949 63734
1517161819 63736
1517171305 63733
1517173676 63757
1517174005 63757
1517252429 63764
1517252818 63764
1517327376 63791
1517327901 63791
1517327950 63791
1517330316 63815
1517333066 63833
1517339912 63849
1517342627 63848
1517346209 63858
1517346629 63860
1517346645 63860
1517349506 63866
1517362769 63880
1517423614 63923
1517427072 63917
1517428224 63914
1517428275 63914
1517432856 63891
1517433321 63898
1517434210 63915
1517451188 63990
1517453218 63984
1517454092 63962
1517526005 64023
1517584929 75292
1517587762 75296
1517590246 75321
1517591094 75412
1517604625 75420
1517610029 75448
1517610302 75448
1517610406 75403
1517610415 75403
1517610693 75404
1517610711 75404
1517611838 75419
1517617222 75443
1517620244 75435
1517621716 75616
1517623922 75584
1517624669 75585
1517625160 75585
1517628102 75597
1517631423 75641
1517631432 75641
1517682854 75646
1517683631 75646
1517685558 75646
1517686092 75646
1517688678 75675
1517689285 75683
1517693342 75692
1517693813 75703
1517696498 75683
1517697033 75704
1517701516 75721
1517704177 75725
1517709590 75714
1517713241 75751
1517713699 75761
1517729269 75788
1517777705 75807
1517778212 75802
1517791620 75849
1517791623 75849
1517842270 75846
1517847607 75857
1517849181 75904
1517856447 75937
1517856726 75937
1517857111 75934
1517858266 75944
1517858437 75965
1517859045 75965
1517861561 75955
1517864155 75961
1517864533 75935
1517864542 75935
1517871580 75911
1517871593 75911
1517874458 75910
1517875124 75910
1517876183 75905
1517876876 75902
1517876965 75902
1517877798 75902
1517885558 75902
1517886118 75820
1517886691 75820
1517888014 75821
1517888042 75815
1517888064 75815
1517888097 75815
1517890081 75815
1517890696 75815
1517892367 75815
