1522262623 30
1522263639 30
1522264782 30
1522273246 28
1522281705 114
1522293283 128
1522551871 176
1522606715 182
1522609760 189
1522611012 192
1522614258 200
1522616667 198
1522623558 198
1522682126 209
1522691656 208
1522691878 199
1522710139 195
1522723039 261
1522764166 261
1522769175 240
1522775523 295
1522785189 298
1522787503 324
1522791261 324
1522800137 397
1522862103 412
1522866310 449
1522867481 446
1522870433 474
1522871775 526
1522876363 546
1522881198 577
1522884509 528
1522888556 517
1522893373 522
1522894535 579
1522895826 586
1522896922 721
1522952494 729
1522953058 728
1522953394 762
1522954569 760
1522954679 760
1522955161 760
1522956358 759
1522960304 852
1522961386 854
1522990407 737
1523019168 737
1523027051 738
1523030078 738
1523030260 738
1523030727 740
1523031635 739
1523033748 734
1523036723 742
1523050596 747
1523050902 747
1523052114 747
1523059573 744
1523068845 801
1523071257 800
1523123698 802
1523131572 791
1523136568 778
1523139805 765
1523140609 772
1523154232 792
1523156318 778
1523157670 778
1523171730 784
1523171813 773
1523173127 782
1523218288 782
1523219046 780
1523219963 780
1523220108 788
1523220370 788
1523220446 790
1523220643 790
1523220979 790
1523221097 790
1523221140 792
1523221327 792
1523221603 796
1523222462 797
1523222585 797
1523222670 797
1523223244 797
1523223248 797
1523223669 746
1523224837 717
1523224952 717
1523225564 718
1523290051 718
1523291111 711
1523293576 750
1523295495 763
1523300674 746
1523300745 746
1523301172 768
1523301476 768
1523310164 777
1523321080 776
1523326989 811
1523329434 815
1523331540 825
1523367712 825
1523369251 825
1523369266 830
1523369377 828
1523370576 832
1523370679 832
1523372042 832
1523372082 832
1523374100 856
1523375418 876
1523375604 906
1523375826 906
1523376396 906
1523376770 908
1523376880 908
1523377003 908
1523401811 890
1523473253 882
1523475391 900
1523479295 892
1523479347 892
1523480970 879
1523493612 892
1523494744 892
1523497372 894
1523497555 906
1523497807 1039
1523506381 1047
1523506994 1037
1523507914 1039
1523508407 1039
1523552208 1010
1523552592 994
1523552931 1011
1523554350 1014
1523554450 1070
1523555354 1082
1523556132 1082
1523556878 1082
1523557172 1113
1523559950 1139
1523560351 1134
1523561185 1134
1523562191 1145
1523562647 1144
1523564039 1132
1523564911 1127
1523566810 1173
1523567074 1173
1523576671 1177
1523582826 1159
1523582921 1159
1523583674 1159
1523585354 1089
1523585912 1089
1523586340 1089
1523591103 1228
1523591371 1223
1523597277 1223
1523627422 1220
1523634827 1212
1523635587 1106
1523636159 1107
1523636793 1110
1523668692 1119
1523669549 1119
1523670419 1119
1523675240 1121
1523675866 1121
1523730694 1127
1523735857 1128
1523735869 1128
1523736055 1128
1523736221 1128
1523738349 1122
1523741533 1122
1523742100 1089
1523742417 1053
1523742801 1053
1523743025 1053
1523745419 1042
1523746121 1036
1523749573 1035
1523750158 1025
1523766633 1072
1523769550 1070
1523770136 1042
1523770482 1043
1523805321 1040
1523805611 1043
1523805872 1043
1523806645 1043
1523806689 1043
1523808992 1015
1523810570 1015
1523810660 1015
1523813116 1069
1523814716 1073
1523815046 1065
1523815715 1065
1523816218 1065
1523816545 1068
1523816688 1068
1523818180 1067
1523818874 1073
1523822907 1085
1523823713 1097
1523825200 1103
1523826053 1112
1523830625 1189
1523835111 1189
1523835227 1189
1523842669 1123
1523842705 1123
1523842927 1123
1523843455 1123
1523844072 1130
1523844522 1130
1523845448 1131
1523845634 1131
1523846692 1126
1523847062 1123
1523847865 1145
1523848306 1145
1523849109 1133
1523849667 1129
1523852405 1132
1523852610 1132
1523853046 1130
1523853299 1130
1523857862 1176
1523869121 1226
1523873260 1329
1523873444 1329
1523874874 1387
1523875317 1300
1523875871 1302
1523878601 1163
1523879144 1173
1523881002 1203
1523881595 1203
1523882130 1197
1523898117 1197
1523899060 1200
1523900257 1201
1523903325 1191
1523911797 1186
1523913272 1185
1523913575 1185
1523916243 1155
1523929833 1256
1523936418 1256
1523937220 1289
1523937426 1289
1523937930 1290
1523938574 1290
1523972806 1286
1523972948 1286
1523973714 1286
1523974516 1280
1523976901 1278
1523979804 1279
1523979957 1278
1523981916 1282
1523982220 1300
1523983362 1309
1523985445 1306
1523985613 1312
1523986942 1323
1523988247 1331
1523989279 1338
1523989501 1384
1523989613 1384
1523990435 1387
1523990550 1387
1523990732 1396
1523991690 1391
1523993023 1359
1523994009 1475
1523995410 1475
1523997730 1476
1523997916 1476
1523999571 1490
1524000526 1457
1524000614 1466
1524001052 1468
1524002501 1473
1524003313 1473
1524003400 1480
1524003783 1480
1524006106 1476
1524007705 1484
1524008275 1484
1524008519 1478
1524008553 1478
1524014240 1468
1524014371 1474
1524014471 1474
1524014624 1474
1524015931 1474
1524016574 1474
1524017476 1474
1524018039 1280
1524018173 1154
1524018490 1154
1524019723 1154
1524020143 1154
1524021740 1152
1524021784 1148
1524022364 1139
1524023196 1176
1524023259 1176
1524023462 1165
1524023971 1149
1524024151 1149
1524024507 1209
1524025281 1209
1524027008 1229
1524027247 1229
1524036424 1237
1524038593 1302
1524039762 1327
1524045117 1378
1524047942 1382
1524048133 1382
1524071876 1382
1524076983 1381
1524077216 1381
1524078812 1381
1524080438 1429
1524080780 1429
1524081540 1428
1524082057 1441
1524084458 1459
1524084976 1459
1524085445 1499
1524086023 1499
1524086787 1539
1524086878 1540
1524088022 1520
1524088567 1547
1524089173 1547
1524089439 1546
1524089520 1546
1524091324 1566
1524092175 1572
1524092320 1572
1524092518 1573
1524092564 1569
1524093024 1563
1524093081 1563
1524093127 1557
1524093757 1557
1524094316 1557
1524094922 1559
1524096304 1590
1524096849 1597
1524097223 1596
1524097281 1633
1524097285 1620
1524097291 1620
1524097455 1620
1524097520 1620
1524098474 1621
1524098962 1621
1524099019 1620
1524100212 1438
1524101577 1438
1524102193 1438
1524103108 1438
1524106106 1438
1524106802 1438
1524107144 1438
1524107207 1428
1524107289 1428
1524107399 1428
1524107540 1428
1524108188 1437
1524108263 1437
1524108436 1436
1524109412 1437
1524109500 1436
1524109608 1437
1524109884 1437
