1522262623 0 0 37 0 0
1522263639 0 0 41 0 0
1522264782 0 0 43 0 0
1522273246 2 0 43 0 0
1522281705 99 0 43 0 0
1522293283 164 0 43 0 0
1522551871 164 0 43 0 49
1522606715 178 0 43 0 49
1522609760 187 0 43 0 49
1522611012 187 0 43 0 52
1522614258 213 0 43 0 52
1522616667 219 0 43 0 52
1522623558 219 0 43 0 52
1522682126 219 0 43 0 119
1522691656 222 0 43 0 119
1522691878 222 0 43 0 119
1522710139 249 0 43 0 119
1522723039 249 0 43 68 119
1522764166 249 0 43 69 119
1522769175 249 0 43 116 119
1522775523 249 73 43 116 119
1522785189 249 89 43 116 119
1522787503 309 89 43 116 119
1522791261 314 89 43 116 119
1522800137 314 89 139 116 119
1522862103 314 120 139 116 119
1522866310 314 170 139 116 119
1522867481 314 180 139 116 119
1522870433 314 180 187 116 119
1522871775 314 235 187 116 119
1522876363 314 266 187 116 119
1522881198 314 337 187 116 119
1522884509 314 354 187 116 119
1522888556 314 377 187 116 119
1522893373 314 394 187 116 119
1522894535 314 394 247 116 119
1522895826 314 414 247 116 119
1522896922 314 414 247 116 491
1522952494 336 414 247 116 491
1522953058 336 414 247 116 491
1522953394 336 414 247 155 491
1522954569 336 418 247 155 491
1522954679 337 418 247 155 491
1522955161 337 418 247 155 491
1522956358 351 418 247 155 491
1522960304 469 418 247 155 491
1522961386 473 418 247 155 491
1522990407 549 418 247 155 491
1523019168 549 418 257 155 491
1523027051 620 418 257 155 491
1523030078 694 418 257 155 491
1523030260 696 418 257 155 491
1523030727 696 418 410 155 491
1523031635 700 418 410 155 491
1523033748 700 418 420 155 491
1523036723 700 418 448 155 491
1523050596 712 418 448 155 491
1523050902 714 418 448 155 491
1523052114 714 418 448 155 491
1523059573 714 418 454 155 491
1523068845 714 418 454 224 491
1523071257 714 418 454 236 491
1523123698 714 418 454 245 491
1523131572 714 418 454 263 491
1523136568 714 418 454 315 491
1523139805 714 418 454 354 491
1523140609 714 418 454 385 491
1523154232 759 418 454 385 491
1523156318 759 418 454 644 491
1523157670 759 418 454 649 491
1523171730 759 418 519 649 491
1523171813 759 418 520 649 491
1523173127 759 418 589 649 491
1523218288 759 418 589 652 491
1523219046 766 418 589 652 491
1523219963 766 418 589 652 491
1523220108 766 418 589 664 491
1523220370 766 418 589 664 491
1523220446 778 418 589 664 491
1523220643 778 418 589 664 491
1523220979 778 418 589 664 491
1523221097 778 418 589 664 491
1523221140 778 418 594 664 491
1523221327 778 418 594 664 491
1523221603 778 422 594 664 491
1523222462 779 422 594 664 491
1523222585 779 422 594 664 491
1523222670 779 422 594 664 491
1523223244 779 422 600 664 491
1523223248 779 422 600 664 491
1523223669 779 422 600 673 491
1523224837 779 422 605 673 491
1523224952 779 422 605 673 491
1523225564 779 422 607 673 491
1523290051 787 422 607 673 491
1523291111 797 422 607 673 491
1523293576 884 422 607 673 491
1523295495 884 422 607 702 491
1523300674 884 422 607 755 491
1523300745 884 422 607 755 491
1523301172 884 422 631 755 491
1523301476 884 422 631 755 491
1523310164 884 422 652 755 491
1523321080 884 422 652 755 922
1523326989 884 422 652 755 983
1523329434 884 422 652 755 991
1523331540 884 422 652 755 1016
1523367712 884 422 681 755 1016
1523369251 884 422 681 755 1016
1523369266 884 422 681 755 1075
1523369377 884 422 683 755 1075
1523370576 884 466 683 755 1075
1523370679 884 466 683 755 1078
1523372042 884 466 683 755 1079
1523372082 884 466 683 755 1080
1523374100 884 466 683 816 1080
1523375418 954 466 683 816 1080
1523375604 954 497 683 816 1080
1523375826 954 497 683 816 1080
1523376396 954 497 683 816 1080
1523376770 959 497 683 816 1080
1523376880 959 497 683 821 1080
1523377003 959 497 683 821 1080
1523401811 959 497 683 879 1080
1523473253 959 497 704 879 1080
1523475391 959 497 704 902 1080
1523479295 959 497 712 902 1080
1523479347 959 497 712 902 1080
1523480970 959 497 713 902 1080
1523493612 959 497 733 902 1080
1523494744 960 497 733 902 1080
1523497372 977 497 733 902 1080
1523497555 977 497 733 932 1080
1523497807 977 497 880 932 1080
1523506381 1138 497 880 932 1080
1523506994 1143 497 880 932 1080
1523507914 1149 497 880 932 1080
1523508407 1154 497 880 932 1080
1523552208 1154 507 880 932 1080
1523552592 1154 514 880 932 1080
1523552931 1154 532 880 932 1080
1523554350 1460 532 880 932 1080
1523554450 1460 593 880 932 1080
1523555354 1460 620 880 932 1080
1523556132 1490 620 880 932 1080
1523556878 1495 620 880 932 1080
1523557172 1495 651 880 932 1080
1523559950 1553 651 880 932 1080
1523560351 1555 651 880 932 1080
1523561185 1555 651 880 932 1080
1523562191 1555 651 880 932 1118
1523562647 1555 651 880 932 1118
1523564039 1555 681 880 932 1118
1523564911 1579 681 880 932 1118
1523566810 1579 681 1041 932 1118
1523567074 1579 681 1041 932 1118
1523576671 1579 681 1041 1080 1118
1523582826 1579 681 1074 1080 1118
1523582921 1579 681 1074 1080 1118
1523583674 1579 681 1074 1311 1118
1523585354 1579 681 1081 1311 1118
1523585912 1579 681 1081 1311 1118
1523586340 1579 681 1301 1311 1118
1523591103 1579 681 1301 1311 1438
1523591371 1579 681 1301 1311 1442
1523597277 1579 681 1301 1311 1442
1523627422 1579 690 1301 1311 1442
1523634827 1579 690 1301 1311 1597
1523635587 1579 690 1301 1311 1760
1523636159 1727 690 1301 1311 1760
1523636793 1727 690 1301 1311 1769
1523668692 1727 690 1301 1330 1769
1523669549 1727 690 1301 1330 1769
1523670419 1727 690 1301 1334 1769
1523675240 1732 690 1301 1334 1769
1523675866 1733 690 1301 1334 1769
1523730694 1733 690 1301 1633 1769
1523735857 1733 690 1362 1633 1769
1523735869 1733 690 1362 1633 1769
1523736055 1733 690 1362 1633 1769
1523736221 1733 690 1362 1633 1769
1523738349 1781 690 1362 1633 1769
1523741533 1781 690 1362 1633 1769
1523742100 1781 690 1363 1633 1769
1523742417 1781 690 1363 1852 1769
1523742801 1781 690 1363 1852 1769
1523743025 1781 690 1363 1853 1769
1523745419 1781 709 1363 1853 1769
1523746121 1781 711 1363 1853 1769
1523749573 1781 727 1363 1853 1769
1523750158 1781 736 1363 1853 1769
1523766633 1781 736 1363 2061 1769
1523769550 1781 736 1363 2080 1769
1523770136 1781 736 1363 2093 1769
1523770482 1781 736 1363 2106 1769
1523805321 1781 737 1363 2106 1769
1523805611 1781 741 1363 2106 1769
1523805872 1781 742 1363 2106 1769
1523806645 1781 787 1363 2106 1769
1523806689 1781 788 1363 2106 1769
1523808992 1781 788 1363 2106 1769
1523810570 1781 790 1363 2106 1769
1523810660 1781 792 1363 2106 1769
1523813116 1851 792 1363 2106 1769
1523814716 1874 792 1363 2106 1769
1523815046 1874 792 1363 2106 1769
1523815715 1874 792 1363 2106 1769
1523816218 1876 792 1363 2106 1769
1523816545 1876 795 1363 2106 1769
1523816688 1876 795 1363 2106 1769
1523818180 1878 795 1363 2106 1769
1523818874 1886 795 1363 2106 1769
1523822907 1886 795 1363 2106 1982
1523823713 1886 795 1363 2106 1999
1523825200 1886 795 1363 2106 2016
1523826053 1886 795 1363 2106 2026
1523830625 1886 882 1363 2106 2026
1523835111 1886 908 1363 2106 2026
1523835227 1886 908 1363 2106 2026
1523842669 1886 908 1363 2225 2026
1523842705 1886 908 1363 2225 2026
1523842927 1886 908 1363 2225 2026
1523843455 1886 914 1363 2225 2026
1523844072 1907 914 1363 2225 2026
1523844522 1907 914 1363 2225 2026
1523845448 1907 1003 1363 2225 2026
1523845634 1907 1007 1363 2225 2026
1523846692 1907 1033 1363 2225 2026
1523847062 1907 1037 1363 2225 2026
1523847865 1907 1037 1363 2225 2065
1523848306 1907 1037 1363 2225 2065
1523849109 1948 1037 1363 2225 2065
1523849667 1950 1037 1363 2225 2065
1523852405 1961 1037 1363 2225 2065
1523852610 1961 1037 1363 2225 2065
1523853046 1965 1037 1363 2225 2065
1523853299 1966 1037 1363 2225 2065
1523857862 1966 1037 1363 2225 2156
1523869121 1966 1037 1363 2225 2257
1523873260 1966 1037 1535 2225 2257
1523873444 1966 1037 1535 2225 2257
1523874874 1966 1037 1535 2225 2352
1523875317 1966 1037 1574 2225 2352
1523875871 1966 1037 1579 2225 2352
1523878601 1966 1037 1642 2225 2352
1523879144 1966 1037 1694 2225 2352
1523881002 1966 1037 1765 2225 2352
1523881595 1966 1037 1766 2225 2352
1523882130 1966 1037 1766 2225 2455
1523898117 1966 1037 1766 2225 2455
1523899060 1966 1037 1783 2225 2455
1523900257 1966 1037 1785 2225 2455
1523903325 1966 1082 1785 2225 2455
1523911797 1966 1082 1785 2229 2455
1523913272 1966 1082 1785 2266 2455
1523913575 1966 1082 1785 2266 2455
1523916243 1966 1082 1785 2415 2455
1523929833 1966 1193 1785 2415 2455
1523936418 1966 1193 1785 2415 2455
1523937220 1966 1255 1785 2415 2455
1523937426 1966 1255 1785 2415 2455
1523937930 1984 1255 1785 2415 2455
1523938574 1990 1255 1785 2415 2455
1523972806 1990 1255 1787 2415 2455
1523972948 1990 1255 1787 2415 2455
1523973714 1990 1255 1790 2415 2455
1523974516 1990 1255 1799 2415 2455
1523976901 1990 1255 2445 2415 2455
1523979804 1990 1262 2445 2415 2455
1523979957 1990 1262 2445 2415 2455
1523981916 1990 1271 2445 2415 2455
1523982220 1990 1289 2445 2415 2455
1523983362 1990 1289 2454 2415 2455
1523985445 1990 1311 2454 2415 2455
1523985613 2047 1311 2454 2415 2455
1523986942 2047 1328 2454 2415 2455
1523988247 2106 1328 2454 2415 2455
1523989279 2106 1364 2454 2415 2455
1523989501 2106 1410 2454 2415 2455
1523989613 2106 1410 2454 2415 2455
1523990435 2106 1418 2454 2415 2455
1523990550 2106 1418 2454 2415 2455
1523990732 2106 1418 2454 2415 2543
1523991690 2106 1422 2454 2415 2543
1523993023 2106 1429 2454 2415 2543
1523994009 2106 1429 2570 2415 2543
1523995410 2106 1439 2570 2415 2543
1523997730 2106 1460 2570 2415 2543
1523997916 2106 1462 2570 2415 2543
1523999571 2175 1462 2570 2415 2543
1524000526 2245 1462 2570 2415 2543
1524000614 2245 1462 2605 2415 2543
1524001052 2321 1462 2605 2415 2543
1524002501 2332 1462 2605 2415 2543
1524003313 2332 1462 2605 2415 2543
1524003400 2342 1462 2605 2415 2543
1524003783 2342 1462 2605 2415 2543
1524006106 2349 1462 2605 2415 2543
1524007705 2369 1462 2605 2415 2543
1524008275 2369 1462 2605 2415 2543
1524008519 2369 1462 2605 2424 2543
1524008553 2369 1462 2605 2424 2543
1524014240 2369 1462 2712 2424 2543
1524014371 2369 1462 2712 2424 2553
1524014471 2369 1462 2712 2424 2553
1524014624 2369 1462 2712 2424 2553
1524015931 2369 1462 2744 2424 2553
1524016574 2369 1462 2776 2424 2553
1524017476 2369 1462 2806 2424 2553
1524018039 2369 1462 2806 2424 2553
1524018173 2369 1462 2806 2541 2553
1524018490 2369 1462 2806 2541 2553
1524019723 2369 1482 2806 2541 2553
1524020143 2369 1499 2806 2541 2553
1524021740 2401 1499 2806 2541 2553
1524021784 2401 1515 2806 2541 2553
1524022364 2432 1515 2806 2541 2553
1524023196 2432 1515 2806 2541 2595
1524023259 2432 1515 2806 2541 2595
1524023462 2437 1515 2806 2541 2595
1524023971 2437 1545 2806 2541 2595
1524024151 2437 1545 2806 2541 2595
1524024507 2437 1545 2806 2689 2595
1524025281 2437 1545 2806 2689 2595
1524027008 2437 1545 2806 2689 2618
1524027247 2440 1545 2806 2689 2618
1524036424 2440 1545 2819 2689 2618
1524038593 2440 1545 2819 2761 2618
1524039762 2440 1545 2819 2789 2618
1524045117 2440 1545 2819 2916 2618
1524047942 2440 1545 2824 2916 2618
1524048133 2440 1545 2824 2916 2618
1524071876 2440 1545 2824 2916 2618
1524076983 2440 1545 2824 2916 2653
1524077216 2440 1545 2824 2916 2654
1524078812 2440 1545 2824 2916 2654
1524080438 2440 1545 2824 2977 2654
1524080780 2440 1545 2824 2977 2654
1524081540 2455 1545 2824 2977 2654
1524082057 2455 1545 2824 2994 2654
1524084458 2506 1545 2824 2994 2654
1524084976 2506 1545 2824 2994 2654
1524085445 2506 1545 2824 2994 2721
1524086023 2506 1545 2824 2994 2721
1524086787 2506 1545 2824 2994 2787
1524086878 2506 1545 2841 2994 2787
1524088022 2506 1545 2841 2994 2793
1524088567 2506 1578 2841 2994 2793
1524089173 2506 1578 2841 2994 2793
1524089439 2506 1578 2841 2996 2793
1524089520 2506 1578 2841 2996 2793
1524091324 2506 1614 2841 2996 2793
1524092175 2844 1614 2841 2996 2793
1524092320 2844 1614 2841 2996 2793
1524092518 2857 1614 2841 2996 2793
1524092564 2857 1628 2841 2996 2793
1524093024 2857 1628 2975 2996 2793
1524093081 2859 1628 2975 2996 2793
1524093127 2859 1628 2975 3084 2793
1524093757 2859 1628 2975 3084 2793
1524094316 2859 1628 2975 3084 2793
1524094922 2859 1628 2975 3087 2793
1524096304 2859 1662 2975 3087 2793
1524096849 2870 1662 2975 3087 2793
1524097223 2870 1662 2975 3087 2793
1524097281 2870 1703 2975 3087 2793
1524097285 2870 1703 2975 3128 2793
1524097291 2870 1703 2975 3128 2793
1524097455 2870 1703 2975 3128 2793
1524097520 2870 1703 2975 3131 2793
1524098474 2870 1703 3104 3131 2793
1524098962 2870 1703 3104 3131 2793
1524099019 2870 1703 3107 3131 2793
1524100212 2878 1703 3107 3131 2793
1524101577 2948 1703 3107 3131 2793
1524102193 2952 1703 3107 3131 2793
1524103108 2952 1703 3193 3131 2793
1524106106 2955 1703 3193 3131 2793
1524106802 2955 1703 3204 3131 2793
1524107144 2955 1703 3204 3131 2793
1524107207 2955 1710 3204 3131 2793
1524107289 2955 1710 3207 3131 2793
1524107399 2955 1710 3207 3131 2793
1524107540 2955 1711 3207 3131 2793
1524108188 2955 1711 3217 3131 2793
1524108263 2956 1711 3217 3131 2793
1524108436 2956 1711 3217 3131 2793
1524109412 2956 1711 3217 3131 2803
1524109500 2956 1711 3217 3131 2812
1524109608 2956 1711 3217 3131 2822
1524109884 2961 1711 3217 3131 2822
