1518063033 -2
1518105568 5
1518115230 6
1518116814 2
1518117183 6
1518119885 15
1518122107 21
1518123495 18
1518123665 25
1518124458 25
1518124844 79
1518148410 75
1518187175 82
1518189622 82
1518189740 82
1518190716 36
1518191892 84
1518192029 100
1518192206 99
1518192341 111
1518192809 111
1518193053 111
1518193135 129
1518193398 98
1518193415 98
1518193611 98
1518193848 98
1518196431 115
1518198578 127
1518203432 135
1518203457 135
1518215078 231
1518296626 426
1518297503 488
1518384793 488
1518389212 537
1518532663 537
1518532769 583
1518533932 653
1518535194 711
1518536071 711
1518547168 817
1518552359 811
1518554458 793
1518581733 908
1518623302 961
1518623545 961
1518629665 965
1518630373 970
1518631149 980
1518790536 929
1518793118 951
1518793528 915
1518795609 913
1518798329 933
1518800188 934
1518802530 938
1518827682 941
1518827821 947
1518895595 946
1518896965 946
1518906142 975
1518911966 989
1518998349 1001
1519061178 1003
1519063664 1008
1519065465 1040
1519066740 1036
1519081848 1090
1519097523 1122
1519140248 1154
1519141210 1176
1519141934 1175
1519142450 1196
1519143477 1215
1519149147 1237
1519149661 1048
1519151374 1048
1519153833 1048
1519154401 1060
1519157307 1077
1519158139 1129
1519158405 1129
1519158743 1154
1519158831 1152
1519159007 1160
1519161310 1158
1519161730 1170
1519162884 1195
1519165766 1195
1519168423 1193
1519182007 1192
1519182127 1192
1519184590 1205
1519184627 1205
1519184798 1205
1519185623 1204
1519191276 1243
1519221965 1250
1519230462 1250
1519321618 1251
1519321862 1251
1519328213 1158
1519334734 1189
1519334991 1188
1519335134 1188
1519347273 1223
1519361462 1264
1519396532 1264
1519397928 1264
1519398315 1254
1519399272 1254
1519401025 1274
1519401094 1278
1519401187 1327
1519401404 1327
1519402140 1317
1519402341 1318
1519403537 1318
1519403543 1321
1519403555 1321
1519404108 1174
1519404325 1199
1519407636 1223
1519407920 1223
1519407999 1223
1519412570 1224
1519414598 1229
1519428314 1239
1519432579 1261
1519443096 1261
1519443482 1262
1519450609 1289
1519524978 1337
1519526187 1316
1519526402 1367
1519528660 1379
1519528807 1379
1519529040 1379
1519544756 1486
1519587410 1509
1519590213 1511
1519591511 1537
1519592068 1537
1519593084 1551
1519593784 1565
1519599025 1566
1519599512 1583
1519606510 1598
1519609471 1687
1519616632 1729
1519617141 1735
1519617929 1821
1519618110 1926
1519623234 1923
1519659031 1950
1519659568 1948
1519670772 1954
1519671537 1752
1519671773 1750
1519675387 1798
1519677154 1836
1519678885 1866
1519679093 1842
1519679253 1842
1519679358 1842
1519679435 1881
1519679926 1901
1519679982 1913
1519680739 1930
1519681921 1960
1519682239 1964
1519682318 1965
1519682711 1998
1519684265 2025
1519684599 2095
1519686672 2098
1519686943 2100
1519687995 2032
1519689097 2023
1519689128 2023
1519689568 2023
1519689979 2023
1519690691 2015
1519690779 2015
1519691046 2013
1519691119 2013
1519692742 2014
1519693389 2060
1519693813 2050
1519695101 2097
1519695912 2098
1519695989 2098
1519696782 2098
1519697507 2099
1519698449 2099
1519698894 2100
1519699151 2103
1519699256 2103
1519699734 2103
1519699877 2103
1519699906 2103
