1516115158 17536
1516115259 17541
1516122609 17542
1516718942 63605
1516721877 63618
1516722840 63619
1516727603 63633
1516821709 63702
1516907696 63703
1516914436 63722
1516916334 63722
1516924211 63711
1516924728 63711
1516925249 63714
1516929383 63714
1516930949 63734
1517161819 63736
1517171305 63733
1517173676 63757
1517174005 63757
1517252429 63764
1517252818 63764
1517327376 63791
1517327901 63791
1517327950 63791
1517330316 63815
1517333066 63833
1517339912 63849
1517342627 63848
1517346209 63858
1517346629 63860
1517346645 63860
1517349506 63866
1517362769 63880
1517423614 63923
1517427072 63917
1517428224 63914
1517428275 63914
1517432856 63891
1517433321 63898
1517434210 63915
1517451188 63990
1517453218 63984
1517454092 63962
1517526005 64023
1517584929 75292
1517587762 75296
1517590246 75321
1517591094 75412
1517604625 75420
1517610029 75448
1517610302 75448
1517610406 75403
1517610415 75403
1517610693 75404
1517610711 75404
1517611838 75419
1517617222 75443
1517620244 75435
1517621716 75616
1517623922 75584
1517624669 75585
1517625160 75585
1517628102 75597
1517631423 75641
1517631432 75641
1517682854 75646
1517683631 75646
1517685558 75646
1517686092 75646
1517688678 75675
1517689285 75683
1517693342 75692
1517693813 75703
1517696498 75683
1517697033 75704
1517701516 75721
1517704177 75725
1517709590 75714
1517713241 75751
1517713699 75761
1517729269 75788
1517777705 75807
1517778212 75802
1517791620 75849
1517791623 75849
1517842270 75846
1517847607 75857
1517849181 75904
1517856447 75937
1517856726 75937
1517857111 75934
1517858266 75944
1517858437 75965
1517859045 75965
1517861561 75955
1517864155 75961
1517864533 75935
1517864542 75935
1517871580 75911
1517871593 75911
1517874458 75910
1517875124 75910
1517876183 75905
1517876876 75902
1517876965 75902
1517877798 75902
1517885558 75902
1517886118 75820
1517886691 75820
1517888014 75821
1517888042 75815
1517888064 75815
1517888097 75815
1517890081 75815
1517890696 75815
1517892367 75815
1517934480 75815
1517935168 75815
1517940410 75829
1518063033 75827
1518105568 75834
1518115230 75835
1518116814 75831
1518117183 75835
1518119885 75844
1518122107 75850
1518123495 75847
1518123665 75854
1518124458 75854
1518124844 75908
1518148410 75904
1518187175 75911
1518189622 75911
1518189740 75911
1518190716 75865
1518191892 75913
1518192029 75929
1518192206 75928
1518192341 75940
1518192809 75940
1518193053 75940
1518193135 75958
1518193398 75927
1518193415 75927
1518193611 75927
1518193848 75927
1518196431 75944
1518198578 75956
1518203432 75964
1518203457 75964
1518215078 76060
1518296626 76255
1518297503 76317
1518384793 76317
1518389212 76366
1518532663 76366
1518532769 76412
1518533932 76482
1518535194 76540
1518536071 76540
1518547168 76646
1518552359 76640
1518554458 76622
1518581733 76737
1518623302 76790
1518623545 76790
1518629665 76794
1518630373 76799
1518631149 76809
1518790536 76758
1518793118 76780
1518793528 76744
1518795609 76742
1518798329 76762
1518800188 76763
1518802530 76767
1518827682 76770
1518827821 76776
1518895595 76775
1518896965 76775
1518906142 76804
1518911966 76818
1518998349 76830
1519061178 76832
1519063664 76837
1519065465 76869
1519066740 76865
1519081848 76919
1519097523 76951
1519140248 76983
1519141210 77005
1519141934 77004
1519142450 77025
1519143477 77044
1519149147 77066
1519149661 76877
1519151374 76877
1519153833 76877
1519154401 76889
1519157307 76906
1519158139 76958
1519158405 76958
1519158743 76983
1519158831 76981
1519159007 76989
1519161310 76987
1519161730 76999
1519162884 77024
1519165766 77024
1519168423 77022
1519182007 77021
1519182127 77021
1519184590 77034
1519184627 77034
1519184798 77034
1519185623 77033
1519191276 77072
1519221965 77079
1519230462 77079
1519321618 77080
1519321862 77080
1519328213 76987
1519334734 77018
1519334991 77017
1519335134 77017
1519347273 77052
1519361462 77093
1519396532 77093
1519397928 77093
1519398315 77083
1519399272 77083
1519401025 77103
1519401094 77107
1519401187 77156
1519401404 77156
1519402140 77146
1519402341 77147
1519403537 77147
1519403543 77150
1519403555 77150
1519404108 77003
1519404325 77028
1519407636 77052
1519407920 77052
1519407999 77052
1519412570 77053
1519414598 77058
1519428314 77068
1519432579 77090
1519443096 77090
1519443482 77091
1519450609 77118
1519524978 77166
1519526187 77145
1519526402 77196
1519528660 77208
1519528807 77208
1519529040 77208
1519544756 77315
1519587410 77338
1519590213 77340
1519591511 77366
1519592068 77366
1519593084 77380
1519593784 77394
1519599025 77395
1519599512 77412
1519606510 77427
1519609471 77516
1519616632 77558
1519617141 77564
1519617929 77650
1519618110 77755
1519623234 77752
1519659031 77779
1519659568 77777
1519670772 77783
1519671537 77581
1519671773 77579
1519675387 77627
1519677154 77665
1519678885 77695
1519679093 77671
1519679253 77671
1519679358 77671
1519679435 77710
1519679926 77730
1519679982 77742
1519680739 77759
1519681921 77789
1519682239 77793
1519682318 77794
1519682711 77827
1519684265 77854
1519684599 77924
1519686672 77927
1519686943 77929
1519687995 77861
1519689097 77852
1519689128 77852
1519689568 77852
1519689979 77852
1519690691 77844
1519690779 77844
1519691046 77842
1519691119 77842
1519692742 77843
1519693389 77889
1519693813 77879
1519695101 77926
1519695912 77927
1519695989 77927
1519696782 77927
1519697507 77928
1519698449 77928
1519698894 77929
1519699151 77932
1519699256 77932
1519699734 77932
1519699877 77932
1519699906 77932
1520010379 78033
1520010801 78033
1520203555 78057
1520211627 78059
1520213853 78068
1520251624 78078
1520273826 77978
1520277883 78003
1520290315 77963
1520294695 77928
1520296949 77925
1520297715 77929
1520371978 77987
1520381496 78012
1520552448 78014
1520569772 78018
1520570251 78018
1520951099 78015
1520951989 78015
1520953685 78086
1520953946 78034
1520956004 77977
1520956364 77973
1520968779 77871
1520969408 77868
1520975002 77871
1520987607 77900
1520987714 77925
1520988116 77924
1520989405 77942
1520989903 77952
1520990747 77955
1520991727 77870
1520997457 77933
1520998092 77940
1520998590 77940
1521000132 77947
1521000886 77952
1521132943 77961
1521133027 77961
1521160936 78099
1521164280 78243
1521168816 78253
1521173237 78342
1521207070 78342
1521211428 78360
1521213435 78368
1521233828 78424
1521236848 78419
1521250505 78419
1521250782 78419
1521252766 78404
1521254289 78411
1521255210 78412
1521256294 78410
1521256657 78411
1521319024 78396
1521320662 78405
1521320892 78405
1521323117 78400
1521325237 78396
1521337072 78425
1521338078 78426
1521339374 78532
1521387565 78532
1521389188 78535
1521390150 78561
1521392066 78599
1521400398 78650
1521400501 78684
1521401028 78754
1521402135 78711
1521403352 78748
1521403573 78798
1521403603 78798
1521403967 78756
1521404595 78830
1521407595 78850
1521407923 78861
1521414431 78826
1521416992 78833
1521417661 78835
1521417965 78833
1521419027 78811
1521424279 78818
1521425435 78834
1521427618 78879
1521427959 78879
1521428253 78874
1521428596 78874
1521428860 78841
1521431222 78826
1521431683 78844
1521432861 78825
1521434219 78842
1521472896 78843
1521474426 78896
1521474645 78901
1521482165 78904
1521482391 78915
1521489416 78921
1521490365 78938
1521492095 78960
1521498167 78960
1521498381 78960
1521499280 78960
1521506571 78903
1521509413 78991
1521511867 78992
1521513555 78986
1521514525 78994
1521515362 78986
1521517226 78998
1521523839 79050
1521526328 79045
1521531559 79045
1521532496 79046
1521554657 78898
1521558290 78944
1521559650 78951
1521560131 78951
1521578342 78930
1521581199 78972
1521588717 79047
1521589664 79032
1521591625 79037
1521596065 79062
1521597427 79067
1521597624 79062
1521600966 79062
1521602329 79059
1521604472 79044
1521632080 79044
1521666863 79052
1521667553 79052
1521670720 79056
1521671049 79054
1521673019 79048
1521673499 79052
1521675420 79052
1521692461 79055
1521734854 79099
1521734988 79187
1521735593 78864
1521737731 78782
1521741901 78852
1521742036 78852
1521743349 78866
1521744111 78866
1521744477 78885
1521746214 78902
1521746273 78923
1521746548 78923
1521747841 78927
1521749280 78946
1521751245 79001
1521751848 79012
1521764939 79050
1521768956 79114
1521770038 79114
1521770362 79106
1521770786 79108
1521772213 79108
1521773036 79108
1521816827 79113
1521817132 79113
1521817158 79107
1521819609 79127
1521820411 79140
1521820721 79140
1521823427 79146
1521823908 79146
1521823964 79168
1521824272 79168
1521849383 79309
1521849563 79309
1521857670 79308
1521858166 79309
1521858526 79308
1521859346 79319
1521860022 79332
1521862799 79361
1521864141 79356
1521891873 79418
1521894224 79394
1521904862 79456
1521913902 79454
1521914244 79454
1521914322 79454
1521915491 79451
1521916372 79451
1521917040 79453
1521918291 79492
1521918379 79261
1521918575 79261
1521919980 79287
1521924529 79352
1521925265 79325
1521930276 79316
1521930788 79316
1521931517 79348
1521990928 79370
1522000778 79426
1522001199 79427
1522002190 79430
1522006615 79355
1522007057 79308
1522008153 79262
1522012084 79302
1522012291 79302
1522012435 79302
1522013590 79302
1522013691 79302
1522013924 79305
1522014280 79306
1522014657 79306
1522014892 79306
1522020329 79183
1522032235 79183
1522032743 79183
1522034028 79186
1522060430 79173
1522060625 79173
1522060860 79173
1522063052 79173
1522063916 79168
1522066308 79194
1522081857 79235
1522082520 79238
1522083967 79242
1522084132 79242
1522086468 79250
1522086945 79250
1522087120 79251
1522087725 79251
1522088002 79251
1522088579 79252
1522088588 79252
1522089501 79311
1522090381 79310
1522090429 79310
1522091697 79309
1522091764 79284
1522092125 79284
1522092326 79285
1522092342 79284
1522092650 79298
1522095639 79321
1522096055 79312
1522096371 79263
1522098020 79269
1522098233 79269
1522099140 79294
1522099789 79294
1522099933 79293
1522101989 79302
1522102036 79302
1522102327 79302
1522103716 79302
1522105137 79301
1522105139 79290
1522105225 79290
1522105729 79291
1522106306 79284
1522106752 79282
1522106863 79282
1522106906 79282
1522107031 79282
1522107237 79282
1522107241 79321
1522107379 79321
1522107511 79313
1522107547 79313
1522107796 79313
1522107922 79313
1522108035 79313
1522108083 79313
1522108769 79313
1522108777 79313
1522108973 79313
1522109044 79313
1522109712 79321
1522112064 79323
1522114087 79349
1522114088 79341
1522114137 79341
1522114266 79341
1522118164 79346
1522118168 79346
1522118184 79323
1522118227 79323
1522118304 79323
1522118309 79323
1522119362 79313
1522119502 79341
1522119737 79341
1522120165 79335
1522120212 79335
1522120958 79336
1522120972 79246
1522121036 79244
1522121402 79244
1522121429 79245
1522121457 79245
1522121648 79245
1522121822 79246
1522121832 79245
1522121870 79245
1522122072 79246
1522122574 79246
1522122636 79246
1522122645 79245
1522122784 79245
1522123010 79245
1522262623 79275
1522263639 79275
1522264782 79275
1522273246 79273
1522281705 79359
1522293283 79373
1522551871 79421
1522606715 79427
1522609760 79434
1522611012 79437
1522614258 79445
1522616667 79443
1522623558 79443
1522682126 79454
1522691656 79453
1522691878 79444
1522710139 79440
1522723039 79506
1522764166 79506
1522769175 79485
1522775523 79540
1522785189 79543
1522787503 79569
1522791261 79569
1522800137 79642
1522862103 79657
1522866310 79694
1522867481 79691
1522870433 79719
1522871775 79771
1522876363 79791
1522881198 79822
1522884509 79773
1522888556 79762
1522893373 79767
1522894535 79824
1522895826 79831
1522896922 79966
1522952494 79974
1522953058 79973
1522953394 80007
1522954569 80005
1522954679 80005
1522955161 80005
1522956358 80004
1522960304 80097
1522961386 80099
1522990407 79982
1523019168 79982
1523027051 79983
1523030078 79983
1523030260 79983
1523030727 79985
1523031635 79984
1523033748 79979
1523036723 79987
1523050596 79992
1523050902 79992
1523052114 79992
1523059573 79989
1523068845 80046
1523071257 80045
1523123698 80047
1523131572 80036
1523136568 80023
1523139805 80010
1523140609 80017
1523154232 80037
1523156318 80023
1523157670 80023
1523171730 80029
1523171813 80018
1523173127 80027
1523218288 80027
1523219046 80025
1523219963 80025
1523220108 80033
1523220370 80033
1523220446 80035
1523220643 80035
1523220979 80035
1523221097 80035
1523221140 80037
1523221327 80037
1523221603 80041
1523222462 80042
1523222585 80042
1523222670 80042
1523223244 80042
1523223248 80042
1523223669 79991
1523224837 79962
1523224952 79962
1523225564 79963
1523290051 79963
1523291111 79956
1523293576 79995
1523295495 80008
1523300674 79991
1523300745 79991
1523301172 80013
1523301476 80013
1523310164 80022
1523321080 80021
1523326989 80056
1523329434 80060
1523331540 80070
1523367712 80070
1523369251 80070
1523369266 80075
1523369377 80073
1523370576 80077
1523370679 80077
1523372042 80077
1523372082 80077
1523374100 80101
1523375418 80121
1523375604 80151
1523375826 80151
1523376396 80151
1523376770 80153
1523376880 80153
1523377003 80153
1523401811 80135
1523473253 80127
1523475391 80145
1523479295 80137
1523479347 80137
1523480970 80124
1523493612 80137
1523494744 80137
1523497372 80139
1523497555 80151
1523497807 80284
1523506381 80292
1523506994 80282
1523507914 80284
1523508407 80284
1523552208 80255
1523552592 80239
1523552931 80256
1523554350 80259
1523554450 80315
1523555354 80327
1523556132 80327
1523556878 80327
1523557172 80358
1523559950 80384
1523560351 80379
1523561185 80379
1523562191 80390
1523562647 80389
1523564039 80377
1523564911 80372
1523566810 80418
1523567074 80418
1523576671 80422
1523582826 80404
1523582921 80404
1523583674 80404
1523585354 80334
1523585912 80334
1523586340 80334
1523591103 80473
1523591371 80468
1523597277 80468
1523627422 80465
1523634827 80457
1523635587 80351
1523636159 80352
1523636793 80355
1523668692 80364
1523669549 80364
1523670419 80364
1523675240 80366
1523675866 80366
1523730694 80372
1523735857 80373
1523735869 80373
1523736055 80373
1523736221 80373
1523738349 80367
1523741533 80367
1523742100 80334
1523742417 80298
1523742801 80298
1523743025 80298
1523745419 80287
1523746121 80281
1523749573 80280
1523750158 80270
1523766633 80317
1523769550 80315
1523770136 80287
1523770482 80288
1523805321 80285
1523805611 80288
1523805872 80288
1523806645 80288
1523806689 80288
1523808992 80260
1523810570 80260
1523810660 80260
1523813116 80314
1523814716 80318
1523815046 80310
1523815715 80310
1523816218 80310
1523816545 80313
1523816688 80313
1523818180 80312
1523818874 80318
1523822907 80330
1523823713 80342
1523825200 80348
1523826053 80357
1523830625 80434
1523835111 80434
1523835227 80434
1523842669 80368
1523842705 80368
1523842927 80368
1523843455 80368
1523844072 80375
1523844522 80375
1523845448 80376
1523845634 80376
1523846692 80371
1523847062 80368
1523847865 80390
1523848306 80390
1523849109 80378
1523849667 80374
1523852405 80377
1523852610 80377
1523853046 80375
1523853299 80375
1523857862 80421
1523869121 80471
1523873260 80574
1523873444 80574
1523874874 80632
1523875317 80545
1523875871 80547
1523878601 80408
1523879144 80418
1523881002 80448
1523881595 80448
1523882130 80442
1523898117 80442
1523899060 80445
1523900257 80446
1523903325 80436
1523911797 80431
1523913272 80430
1523913575 80430
1523916243 80400
1523929833 80501
1523936418 80501
1523937220 80534
1523937426 80534
1523937930 80535
1523938574 80535
1523972806 80531
1523972948 80531
1523973714 80531
1523974516 80525
1523976901 80523
1523979804 80524
1523979957 80523
1523981916 80527
1523982220 80545
1523983362 80554
1523985445 80551
1523985613 80557
1523986942 80568
1523988247 80576
1523989279 80583
1523989501 80629
1523989613 80629
1523990435 80632
1523990550 80632
1523990732 80641
1523991690 80636
1523993023 80604
1523994009 80720
1523995410 80720
1523997730 80721
1523997916 80721
1523999571 80735
1524000526 80702
1524000614 80711
1524001052 80713
1524002501 80718
1524003313 80718
1524003400 80725
1524003783 80725
1524006106 80721
1524007705 80729
1524008275 80729
1524008519 80723
1524008553 80723
1524014240 80713
1524014371 80719
1524014471 80719
1524014624 80719
1524015931 80719
1524016574 80719
1524017476 80719
1524018039 80525
1524018173 80399
1524018490 80399
1524019723 80399
1524020143 80399
1524021740 80397
1524021784 80393
1524022364 80384
1524023196 80421
1524023259 80421
1524023462 80410
1524023971 80394
1524024151 80394
1524024507 80454
1524025281 80454
1524027008 80474
1524027247 80474
1524036424 80482
1524038593 80547
1524039762 80572
1524045117 80623
1524047942 80627
1524048133 80627
1524071876 80627
1524076983 80626
1524077216 80626
1524078812 80626
1524080438 80674
1524080780 80674
1524081540 80673
1524082057 80686
1524084458 80704
1524084976 80704
1524085445 80744
1524086023 80744
1524086787 80784
1524086878 80785
1524088022 80765
1524088567 80792
1524089173 80792
1524089439 80791
1524089520 80791
1524091324 80811
1524092175 80817
1524092320 80817
1524092518 80818
1524092564 80814
1524093024 80808
1524093081 80808
1524093127 80802
1524093757 80802
1524094316 80802
1524094922 80804
1524096304 80835
1524096849 80842
1524097223 80841
1524097281 80878
1524097285 80865
1524097291 80865
1524097455 80865
1524097520 80865
1524098474 80866
1524098962 80866
1524099019 80865
1524100212 80683
1524101577 80683
1524102193 80683
1524103108 80683
1524106106 80683
1524106802 80683
1524107144 80683
1524107207 80673
1524107289 80673
1524107399 80673
1524107540 80673
1524108188 80682
1524108263 80682
1524108436 80681
1524109412 80682
1524109500 80681
1524109608 80682
1524109884 80682
