1516115158 0 0 0 0 0
1516115259 0 0 0 0 0
1516122609 0 0 0 0 0
1516718942 0 0 0 0 0
1516721877 0 18 0 0 0
1516722840 0 25 0 0 0
1516727603 0 50 0 0 0
1516821709 0 122 0 0 0
1516907696 0 126 0 0 0
1516914436 0 151 0 0 0
1516916334 0 156 0 0 0
1516924211 0 156 0 0 0
1516924728 0 156 0 0 0
1516925249 0 156 0 0 0
1516929383 0 156 0 0 0
1516930949 0 156 0 0 0
1517161819 0 156 0 0 0
1517171305 0 156 0 0 0
1517173676 0 156 0 0 0
1517174005 0 156 0 0 0
1517252429 0 177 0 0 0
1517252818 0 178 0 0 0
1517327376 0 178 0 0 0
1517327901 0 178 0 0 0
1517327950 0 178 0 0 0
1517330316 0 178 0 24 0
1517333066 0 178 0 42 0
1517339912 0 178 0 42 0
1517342627 0 178 0 42 0
1517346209 0 203 0 42 0
1517346629 0 203 0 42 0
1517346645 0 203 0 42 0
1517349506 0 216 0 42 0
1517362769 0 216 0 71 0
1517423614 46 216 0 71 0
1517427072 46 216 0 71 0
1517428224 46 216 0 71 0
1517428275 46 216 0 71 0
1517432856 46 216 0 94 0
1517433321 46 216 0 102 0
1517434210 46 216 0 119 0
1517451188 125 216 0 119 0
1517453218 131 216 0 119 0
1517454092 139 216 0 119 0
1517526005 139 216 0 119 0
1517584929 139 216 0 13728 0
1517587762 139 216 43 13728 0
1517590246 182 216 43 13728 0
1517591094 182 216 43 13728 0
1517604625 182 216 43 13748 0
1517610029 182 216 43 13788 0
1517610302 182 216 43 13788 0
1517610406 182 216 43 13788 0
1517610415 182 216 43 13788 0
1517610693 182 216 43 13789 0
1517610711 182 216 43 13789 0
1517611838 206 216 43 13789 0
1517617222 206 216 43 13837 0
1517620244 206 216 43 13853 0
1517621716 206 216 43 13853 181
1517623922 206 216 43 13870 181
1517624669 206 216 43 13872 181
1517625160 206 216 43 13873 181
1517628102 206 216 43 13885 181
1517631423 206 216 43 13885 233
1517631432 206 216 43 13885 233
1517682854 206 216 54 13885 233
1517683631 206 216 67 13885 233
1517685558 206 216 81 13885 233
1517686092 206 216 100 13885 233
1517688678 241 216 100 13885 233
1517689285 241 248 100 13885 233
1517693342 265 248 100 13885 233
1517693813 265 248 100 13899 233
1517696498 292 248 100 13899 233
1517697033 292 285 100 13899 233
1517701516 292 285 100 13925 233
1517704177 292 285 100 13939 233
1517709590 292 285 100 13962 233
1517713241 292 330 100 13962 233
1517713699 292 340 100 13962 233
1517729269 292 340 100 14031 233
1517777705 292 340 197 14031 233
1517778212 292 340 212 14031 233
1517791620 292 340 212 14031 367
1517791623 292 340 212 14031 367
1517842270 292 340 250 14031 367
1517847607 361 340 250 14031 367
1517849181 361 340 250 14031 514
1517856447 361 340 250 14127 514
1517856726 361 340 250 14130 514
1517857111 391 340 250 14130 514
1517858266 391 340 250 14130 581
1517858437 391 340 250 14130 609
1517859045 391 340 250 14130 609
1517861561 433 340 250 14130 609
1517864155 433 340 250 14161 609
1517864533 433 340 253 14161 609
1517864542 433 340 253 14161 609
1517871580 433 340 253 14161 780
1517871593 433 340 253 14161 780
1517874458 433 340 653 14161 780
1517875124 433 340 653 14161 780
1517876183 433 340 789 14161 780
1517876876 433 340 828 14161 780
1517876965 433 340 832 14161 780
1517877798 433 340 875 14161 780
1517885558 433 340 906 14161 780
1517886118 433 340 906 14310 780
1517886691 433 340 906 14310 780
1517888014 433 340 906 14310 806
1517888042 433 340 906 14314 806
1517888064 433 340 906 14314 806
1517888097 433 340 906 14322 806
1517890081 433 340 906 14322 806
1517890696 433 340 924 14322 806
1517892367 433 340 924 14323 806
1517934480 433 340 924 14324 806
1517935168 433 340 924 14324 806
1517940410 433 340 924 14362 806
1518063033 433 340 924 14364 806
1518105568 433 340 924 14375 806
1518115230 433 341 924 14375 806
1518116814 433 341 948 14375 806
1518117183 438 341 948 14375 806
1518119885 438 350 948 14375 806
1518122107 448 350 948 14375 806
1518123495 455 350 948 14375 806
1518123665 455 371 948 14375 806
1518124458 456 371 948 14375 806
1518124844 456 427 948 14375 806
1518148410 456 427 948 14384 806
1518187175 456 427 948 14384 818
1518189622 456 427 948 14384 829
1518189740 456 427 948 14384 829
1518190716 456 427 948 14457 829
1518191892 456 481 948 14457 829
1518192029 456 481 948 14457 865
1518192206 456 481 948 14457 865
1518192341 469 481 948 14457 865
1518192809 469 482 948 14457 865
1518193053 469 482 948 14457 865
1518193135 469 482 948 14457 884
1518193398 469 482 948 14466 884
1518193415 469 482 948 14466 884
1518193611 469 482 948 14466 884
1518193848 469 482 948 14467 884
1518196431 469 501 948 14467 884
1518198578 469 501 963 14467 884
1518203432 469 501 963 14511 884
1518203457 469 501 963 14511 884
1518215078 469 501 963 14511 990
1518296626 469 770 963 14511 990
1518297503 531 770 963 14511 990
1518384793 531 770 967 14511 990
1518389212 531 770 1021 14511 990
1518532663 532 770 1021 14511 990
1518532769 532 770 1081 14511 990
1518533932 532 770 1081 14685 990
1518535194 532 842 1081 14685 990
1518536071 532 844 1081 14685 990
1518547168 652 844 1081 14685 990
1518552359 697 844 1081 14685 990
1518554458 718 844 1081 14685 990
1518581733 718 844 1081 14685 1160
1518623302 718 844 1139 14685 1160
1518623545 718 844 1148 14685 1160
1518629665 718 844 1162 14685 1160
1518630373 718 844 1169 14685 1160
1518631149 718 844 1181 14685 1160
1518790536 718 850 1181 14685 1160
1518793118 718 850 1206 14685 1160
1518793528 718 850 1206 14685 1167
1518795609 718 850 1206 14688 1167
1518798329 718 882 1206 14688 1167
1518800188 722 882 1206 14688 1167
1518802530 730 882 1206 14688 1167
1518827682 742 882 1206 14688 1167
1518827821 750 882 1206 14688 1167
1518895595 750 882 1206 14688 1167
1518896965 750 882 1206 14688 1167
1518906142 750 882 1252 14688 1167
1518911966 750 882 1275 14688 1167
1518998349 750 922 1275 14688 1167
1519061178 750 922 1277 14688 1167
1519063664 750 922 1289 14688 1167
1519065465 750 922 1326 14688 1167
1519066740 750 922 1334 14688 1167
1519081848 750 922 1420 14688 1167
1519097523 750 922 1454 14688 1167
1519140248 750 922 1454 14688 1300
1519141210 794 922 1454 14688 1300
1519141934 794 929 1454 14688 1300
1519142450 794 964 1454 14688 1300
1519143477 794 964 1489 14688 1300
1519149147 794 964 1549 14688 1300
1519149661 794 964 1549 14688 1390
1519151374 794 964 1549 14688 1390
1519153833 794 964 1549 14688 1390
1519154401 794 964 1563 14688 1390
1519157307 794 964 1563 14721 1390
1519158139 873 964 1563 14721 1390
1519158405 873 964 1563 14721 1390
1519158743 873 964 1563 14774 1390
1519158831 873 964 1579 14774 1390
1519159007 873 964 1579 14783 1390
1519161310 873 964 1582 14783 1390
1519161730 873 964 1582 14822 1390
1519162884 900 964 1582 14822 1390
1519165766 900 964 1584 14822 1390
1519168423 912 964 1584 14822 1390
1519182007 912 964 1586 14822 1390
1519182127 912 964 1586 14822 1390
1519184590 912 964 1586 14899 1390
1519184627 912 964 1586 14899 1390
1519184798 912 964 1586 14899 1390
1519185623 912 964 1586 14899 1390
1519191276 912 964 1586 15031 1390
1519221965 912 986 1586 15031 1390
1519230462 912 986 1587 15031 1390
1519321618 913 986 1587 15031 1390
1519321862 913 986 1587 15031 1390
1519328213 976 986 1587 15031 1390
1519334734 1014 986 1587 15031 1390
1519334991 1018 986 1587 15031 1390
1519335134 1020 986 1587 15031 1390
1519347273 1020 1050 1587 15031 1390
1519361462 1071 1050 1587 15031 1390
1519396532 1073 1050 1587 15031 1390
1519397928 1073 1050 1587 15031 1390
1519398315 1073 1050 1587 15031 1390
1519399272 1073 1050 1589 15031 1390
1519401025 1073 1050 1589 15086 1390
1519401094 1073 1050 1595 15086 1390
1519401187 1073 1099 1595 15086 1390
1519401404 1073 1099 1595 15086 1390
1519402140 1081 1099 1595 15086 1390
1519402341 1081 1099 1595 15095 1390
1519403537 1081 1099 1596 15095 1390
1519403543 1081 1099 1596 15098 1390
1519403555 1081 1099 1596 15098 1390
1519404108 1081 1099 1596 15098 1390
1519404325 1081 1129 1596 15098 1390
1519407636 1081 1158 1596 15098 1390
1519407920 1081 1159 1596 15098 1390
1519407999 1081 1160 1596 15098 1390
1519412570 1081 1162 1596 15098 1390
1519414598 1081 1167 1596 15098 1390
1519428314 1081 1179 1596 15098 1390
1519432579 1081 1208 1596 15098 1390
1519443096 1081 1209 1596 15098 1390
1519443482 1081 1210 1596 15098 1390
1519450609 1198 1210 1596 15098 1390
1519524978 1198 1210 1648 15098 1390
1519526187 1237 1210 1648 15098 1390
1519526402 1291 1210 1648 15098 1390
1519528660 1291 1210 1705 15098 1390
1519528807 1291 1210 1707 15098 1390
1519529040 1291 1210 1707 15098 1390
1519544756 1627 1210 1707 15098 1390
1519587410 1666 1210 1707 15098 1390
1519590213 1669 1210 1707 15098 1390
1519591511 1669 1210 1761 15098 1390
1519592068 1681 1210 1761 15098 1390
1519593084 1681 1210 1789 15098 1390
1519593784 1681 1210 1811 15098 1390
1519599025 1681 1210 1817 15098 1390
1519599512 1681 1210 1817 15130 1390
1519606510 1723 1210 1817 15130 1390
1519609471 1723 1210 1817 15222 1390
1519616632 1723 1210 1817 15307 1390
1519617141 1736 1210 1817 15307 1390
1519617929 1736 1296 1817 15307 1390
1519618110 1736 1416 1817 15307 1390
1519623234 1757 1416 1817 15307 1390
1519659031 1757 1488 1817 15307 1390
1519659568 1757 1490 1817 15307 1390
1519670772 1896 1490 1817 15307 1390
1519671537 1896 1651 1817 15307 1390
1519671773 1896 1651 1817 15307 1390
1519675387 1950 1651 1817 15307 1390
1519677154 1994 1651 1817 15307 1390
1519678885 1994 1651 1856 15307 1390
1519679093 2009 1651 1856 15307 1390
1519679253 2009 1651 1856 15307 1390
1519679358 2009 1651 1856 15307 1390
1519679435 2009 1696 1856 15307 1390
1519679926 2034 1696 1856 15307 1390
1519679982 2034 1696 1892 15307 1390
1519680739 2034 1715 1892 15307 1390
1519681921 2068 1715 1892 15307 1390
1519682239 2068 1715 1910 15307 1390
1519682318 2070 1715 1910 15307 1390
1519682711 2070 1750 1910 15307 1390
1519684265 2070 1778 1910 15307 1390
1519684599 2171 1778 1910 15307 1390
1519686672 2190 1778 1910 15307 1390
1519686943 2192 1778 1910 15307 1390
1519687995 2192 1781 1910 15307 1390
1519689097 2192 1781 2052 15307 1390
1519689128 2204 1781 2052 15307 1390
1519689568 2204 1781 2052 15307 1390
1519689979 2206 1781 2052 15307 1390
1519690691 2206 1781 2062 15307 1390
1519690779 2206 1781 2062 15307 1390
1519691046 2206 1793 2062 15307 1390
1519691119 2206 1793 2062 15307 1390
1519692742 2206 1793 2067 15307 1390
1519693389 2291 1793 2067 15307 1390
1519693813 2291 1793 2070 15307 1390
1519695101 2291 1845 2070 15307 1390
1519695912 2291 1845 2127 15307 1390
1519695989 2291 1845 2127 15307 1390
1519696782 2291 1845 2129 15307 1390
1519697507 2291 1845 2133 15307 1390
1519698449 2291 1845 2157 15307 1390
1519698894 2291 1845 2163 15307 1390
1519699151 2301 1845 2163 15307 1390
1519699256 2301 1845 2163 15307 1390
1519699734 2301 1845 2167 15307 1390
1519699877 2301 1845 2170 15307 1390
1519699906 2303 1845 2170 15307 1390
1520010379 2303 1845 2170 15409 1390
1520010801 2303 1845 2170 15409 1390
1520203555 2340 1845 2170 15409 1390
1520211627 2357 1845 2170 15409 1390
1520213853 2373 1845 2170 15409 1390
1520251624 2373 1845 2197 15409 1390
1520273826 2373 1845 2328 15409 1390
1520277883 2373 1845 2361 15409 1390
1520290315 2373 1845 2521 15409 1390
1520294695 2373 1845 2544 15409 1390
1520296949 2373 1845 2550 15409 1390
1520297715 2373 1845 2561 15409 1390
1520371978 2373 1845 2561 15585 1390
1520381496 2373 1845 2561 15585 1426
1520552448 2373 1845 2561 15587 1426
1520569772 2373 1845 2561 15631 1426
1520570251 2373 1845 2561 15632 1426
1520951099 2383 1845 2561 15632 1426
1520951989 2385 1845 2561 15632 1426
1520953685 2385 1845 2561 15632 1499
1520953946 2441 1845 2561 15632 1499
1520956004 2456 1845 2561 15632 1499
1520956364 2456 1845 2561 15632 1499
1520968779 2499 1845 2561 15632 1499
1520969408 2499 1845 2561 15632 1499
1520975002 2503 1845 2561 15632 1499
1520987607 2503 1877 2561 15632 1499
1520987714 2503 1902 2561 15632 1499
1520988116 2503 1906 2561 15632 1499
1520989405 2503 1929 2561 15632 1499
1520989903 2503 1945 2561 15632 1499
1520990747 2503 1962 2561 15632 1499
1520991727 2503 1962 2706 15632 1499
1520997457 2503 2026 2706 15632 1499
1520998092 2503 2064 2706 15632 1499
1520998590 2503 2066 2706 15632 1499
1521000132 2503 2093 2706 15632 1499
1521000886 2503 2104 2706 15632 1499
1521132943 2503 2104 2706 15632 1527
1521133027 2503 2104 2706 15632 1527
1521160936 2503 2104 2706 15632 1667
1521164280 2503 2104 2706 15632 1817
1521168816 2503 2104 2706 15632 1828
1521173237 2592 2104 2706 15632 1828
1521207070 2592 2104 2706 15632 1828
1521211428 2592 2131 2706 15632 1828
1521213435 2592 2131 2706 15640 1828
1521233828 2656 2131 2706 15640 1828
1521236848 2669 2131 2706 15640 1828
1521250505 2669 2151 2706 15640 1828
1521250782 2669 2152 2706 15640 1828
1521252766 2669 2167 2706 15640 1828
1521254289 2669 2180 2706 15640 1828
1521255210 2669 2206 2706 15640 1828
1521256294 2669 2212 2706 15640 1828
1521256657 2669 2215 2706 15640 1828
1521319024 2669 2215 2738 15640 1828
1521320662 2669 2215 2808 15640 1828
1521320892 2669 2215 2812 15640 1828
1521323117 2669 2215 2831 15640 1828
1521325237 2669 2215 2834 15640 1828
1521337072 2669 2215 2926 15640 1828
1521338078 2669 2215 2952 15640 1828
1521339374 2669 2215 3291 15640 1828
1521387565 2669 2227 3291 15640 1828
1521389188 2669 2232 3291 15640 1828
1521390150 2669 2264 3291 15640 1828
1521392066 2669 2306 3291 15640 1828
1521400398 2669 2361 3291 15640 1828
1521400501 2669 2361 3291 15677 1828
1521401028 2669 2361 3506 15677 1828
1521402135 2669 2367 3506 15677 1828
1521403352 2669 2367 3506 15677 1869
1521403573 2669 2367 3506 15731 1869
1521403603 2669 2367 3506 15731 1869
1521403967 2669 2367 3506 15736 1869
1521404595 2669 2367 3696 15736 1869
1521407595 2669 2367 3696 15845 1869
1521407923 2669 2367 3696 15845 1900
1521414431 2671 2367 3696 15845 1900
1521416992 2671 2367 3714 15845 1900
1521417661 2671 2367 3719 15845 1900
1521417965 2671 2367 3741 15845 1900
1521419027 2671 2367 3754 15845 1900
1521424279 2671 2367 3809 15845 1900
1521425435 2671 2367 3809 15845 1922
1521427618 2671 2469 3809 15845 1922
1521427959 2671 2469 3809 15845 1922
1521428253 2671 2470 3809 15845 1922
1521428596 2671 2472 3809 15845 1922
1521428860 2671 2474 3809 15845 1922
1521431222 2671 2506 3809 15845 1922
1521431683 2671 2524 3809 15845 1922
1521432861 2671 2537 3809 15845 1922
1521434219 2671 2564 3809 15845 1922
1521472896 2671 2564 3824 15845 1922
1521474426 2724 2564 3824 15845 1922
1521474645 2749 2564 3824 15845 1922
1521482165 2749 2564 3883 15845 1922
1521482391 2768 2564 3883 15845 1922
1521489416 2780 2564 3883 15845 1922
1521490365 2803 2564 3883 15845 1922
1521492095 2840 2564 3883 15845 1922
1521498167 2842 2564 3883 15845 1922
1521498381 2842 2564 3883 15845 1922
1521499280 2842 2564 3883 15845 1922
1521506571 2940 2564 3883 15845 1922
1521509413 2940 2564 4028 15845 1922
1521511867 2940 2564 4031 15845 1922
1521513555 3003 2564 4031 15845 1922
1521514525 3014 2564 4031 15845 1922
1521515362 3014 2564 4055 15845 1922
1521517226 3033 2564 4055 15845 1922
1521523839 3033 2666 4055 15845 1922
1521526328 3033 2669 4055 15845 1922
1521531559 3033 2669 4056 15845 1922
1521532496 3033 2669 4071 15845 1922
1521554657 3035 2669 4071 15845 1922
1521558290 3035 2669 4071 15845 1996
1521559650 3049 2669 4071 15845 1996
1521560131 3049 2669 4071 15845 1996
1521578342 3067 2669 4071 15845 1996
1521581199 3067 2763 4071 15845 1996
1521588717 3067 2865 4071 15845 1996
1521589664 3067 2865 4098 15845 1996
1521591625 3067 2865 4106 15845 1996
1521596065 3067 2917 4106 15845 1996
1521597427 3067 2925 4106 15845 1996
1521597624 3067 2926 4106 15845 1996
1521600966 3067 2926 4106 15845 1996
1521602329 3067 2926 4109 15845 1996
1521604472 3067 2942 4109 15845 1996
1521632080 3067 2948 4109 15845 1996
1521666863 3067 2948 4109 15845 2014
1521667553 3067 2948 4109 15845 2014
1521670720 3095 2948 4109 15845 2014
1521671049 3095 2948 4109 15845 2014
1521673019 3097 2948 4109 15845 2014
1521673499 3097 2952 4109 15845 2014
1521675420 3097 2952 4109 15845 2014
1521692461 3102 2952 4109 15845 2014
1521734854 3146 2952 4109 15845 2014
1521734988 3313 2952 4109 15845 2014
1521735593 3323 2952 4109 15845 2014
1521737731 3380 2952 4109 15845 2014
1521741901 3380 2952 4179 15845 2014
1521742036 3380 2952 4179 15845 2014
1521743349 3404 2952 4179 15845 2014
1521744111 3404 2952 4179 15845 2014
1521744477 3404 2974 4179 15845 2014
1521746214 3483 2974 4179 15845 2014
1521746273 3483 2995 4179 15845 2014
1521746548 3483 2995 4179 15845 2014
1521747841 3498 2995 4179 15845 2014
1521749280 3518 2995 4179 15845 2014
1521751245 3573 2995 4179 15845 2014
1521751848 3590 2995 4179 15845 2014
1521764939 3590 3046 4179 15845 2014
1521768956 3590 3046 4259 15845 2014
1521770038 3590 3046 4259 15845 2014
1521770362 3590 3053 4259 15845 2014
1521770786 3590 3058 4259 15845 2014
1521772213 3590 3063 4259 15845 2014
1521773036 3590 3065 4259 15845 2014
1521816827 3614 3065 4259 15845 2014
1521817132 3614 3065 4259 15845 2014
1521817158 3614 3065 4259 15845 2014
1521819609 3614 3065 4292 15845 2014
1521820411 3614 3065 4292 15845 2051
1521820721 3614 3065 4292 15845 2051
1521823427 3614 3076 4292 15845 2051
1521823908 3614 3076 4292 15845 2051
1521823964 3657 3076 4292 15845 2051
1521824272 3657 3076 4292 15845 2051
1521849383 3657 3076 4696 15845 2051
1521849563 3657 3076 4697 15845 2051
1521857670 3657 3089 4697 15845 2051
1521858166 3657 3098 4697 15845 2051
1521858526 3657 3107 4697 15845 2051
1521859346 3657 3119 4697 15845 2051
1521860022 3657 3136 4697 15845 2051
1521862799 3657 3170 4697 15845 2051
1521864141 3657 3170 4697 15845 2077
1521891873 3657 3170 4697 15845 2145
1521894224 3657 3170 4697 15845 2161
1521904862 3657 3170 4697 15845 2237
1521913902 3662 3170 4697 15845 2237
1521914244 3662 3171 4697 15845 2237
1521914322 3662 3171 4697 15845 2237
1521915491 3662 3171 4722 15845 2237
1521916372 3662 3171 4722 15845 2237
1521917040 3662 3171 4735 15845 2237
1521918291 3662 3171 4872 15845 2237
1521918379 3829 3171 4872 15845 2237
1521918575 3829 3171 4872 15845 2237
1521919980 3829 3171 5074 15845 2237
1521924529 3829 3171 5157 15845 2237
1521925265 4168 3171 5157 15845 2237
1521930276 4168 3171 5215 15845 2237
1521930788 4168 3171 5217 15845 2237
1521931517 4229 3171 5217 15845 2237
1521990928 4256 3171 5217 15845 2237
1522000778 4375 3171 5217 15845 2237
1522001199 4377 3171 5217 15845 2237
1522002190 4383 3171 5217 15845 2237
1522006615 4383 3171 5324 15845 2237
1522007057 4534 3171 5324 15845 2237
1522008153 4534 3171 5327 15845 2237
1522012084 4627 3171 5327 15845 2237
1522012291 4628 3171 5327 15845 2237
1522012435 4628 3171 5328 15845 2237
1522013590 4628 3171 5328 15845 2237
1522013691 4628 3171 5328 15845 2237
1522013924 4638 3171 5328 15845 2237
1522014280 4638 3171 5328 15845 2239
1522014657 4638 3171 5328 15845 2239
1522014892 4638 3171 5350 15845 2239
1522020329 4638 3171 5350 15845 2252
1522032235 4638 3171 5350 15845 2252
1522032743 4638 3171 5350 15845 2258
1522034028 4638 3171 5350 15845 2264
1522060430 4638 3171 5350 15845 2280
1522060625 4638 3171 5350 15845 2280
1522060860 4638 3171 5350 15845 2281
1522063052 4638 3171 5350 15845 2281
1522063916 4638 3171 5350 15845 2282
1522066308 4638 3201 5350 15845 2282
1522081857 4638 3252 5350 15845 2282
1522082520 4638 3261 5350 15845 2282
1522083967 4638 3281 5350 15845 2282
1522084132 4638 3285 5350 15845 2282
1522086468 4659 3285 5350 15845 2282
1522086945 4659 3285 5350 15845 2282
1522087120 4660 3285 5350 15845 2282
1522087725 4661 3285 5350 15845 2282
1522088002 4661 3285 5350 15845 2282
1522088579 4661 3285 5350 15864 2282
1522088588 4661 3285 5350 15864 2282
1522089501 4661 3285 5350 15864 2343
1522090381 4661 3285 5350 15864 2343
1522090429 4661 3285 5350 15864 2343
1522091697 4661 3285 5350 15864 2344
1522091764 4713 3285 5350 15864 2344
1522092125 4713 3285 5350 15864 2344
1522092326 4713 3285 5350 15864 2347
1522092342 4713 3285 5350 15864 2347
1522092650 4713 3285 5350 15893 2347
1522095639 4713 3285 5350 15918 2347
1522096055 4723 3285 5350 15918 2347
1522096371 4723 3285 5350 15918 2347
1522098020 4723 3295 5350 15918 2347
1522098233 4723 3295 5350 15918 2347
1522099140 4723 3295 5350 15957 2347
1522099789 4723 3295 5350 15957 2347
1522099933 4728 3295 5350 15957 2347
1522101989 4728 3295 5350 15957 2369
1522102036 4728 3295 5350 15957 2369
1522102327 4728 3295 5350 15957 2369
1522103716 4728 3295 5350 15957 2369
1522105137 4728 3295 5379 15957 2369
1522105139 4737 3295 5379 15957 2369
1522105225 4737 3295 5379 15957 2369
1522105729 4737 3296 5379 15957 2369
1522106306 4745 3296 5379 15957 2369
1522106752 4745 3296 5379 15987 2369
1522106863 4745 3296 5379 15987 2369
1522106906 4755 3296 5379 15987 2369
1522107031 4755 3296 5379 15987 2369
1522107237 4755 3296 5379 15987 2369
1522107241 4755 3296 5462 15987 2369
1522107379 4755 3296 5462 15987 2369
1522107511 4755 3296 5469 15987 2369
1522107547 4755 3296 5469 15987 2369
1522107796 4755 3296 5469 15987 2369
1522107922 4765 3296 5469 15987 2369
1522108035 4765 3296 5469 15987 2369
1522108083 4765 3296 5469 15987 2369
1522108769 4765 3296 5510 15987 2369
1522108777 4765 3296 5510 15987 2369
1522108973 4820 3296 5510 15987 2369
1522109044 4820 3296 5510 15987 2369
1522109712 4834 3296 5510 15987 2369
1522112064 4846 3296 5510 15987 2369
1522114087 4846 3296 5599 15987 2369
1522114088 4867 3296 5599 15987 2369
1522114137 4867 3296 5599 15987 2369
1522114266 4867 3296 5599 15987 2369
1522118164 4867 3296 5627 15987 2369
1522118168 4867 3296 5627 15987 2369
1522118184 4922 3296 5627 15987 2369
1522118227 4922 3296 5627 15987 2369
1522118304 4922 3296 5628 15987 2369
1522118309 4922 3296 5628 15987 2369
1522119362 4922 3296 5633 15987 2369
1522119502 4922 3296 5633 16019 2369
1522119737 4922 3296 5633 16019 2369
1522120165 4941 3296 5633 16019 2369
1522120212 4941 3296 5633 16019 2369
1522120958 4945 3296 5633 16019 2369
1522120972 4945 3296 5650 16019 2369
1522121036 4945 3296 5650 16025 2369
1522121402 4945 3296 5650 16025 2369
1522121429 4945 3296 5652 16025 2369
1522121457 4945 3296 5652 16025 2369
1522121648 4945 3296 5652 16025 2369
1522121822 4945 3296 5659 16025 2369
1522121832 4945 3296 5659 16025 2369
1522121870 4945 3296 5659 16025 2369
1522122072 4947 3296 5659 16025 2369
1522122574 4947 3296 5661 16025 2369
1522122636 4947 3296 5661 16025 2369
1522122645 4947 3296 5661 16056 2369
1522122784 4947 3296 5661 16056 2369
1522123010 4949 3296 5661 16056 2369
1522262623 4949 3296 5661 16056 2406
1522263639 4949 3296 5661 16056 2410
1522264782 4949 3296 5661 16056 2412
1522273246 4951 3296 5661 16056 2412
1522281705 5048 3296 5661 16056 2412
1522293283 5113 3296 5661 16056 2412
1522551871 5113 3296 5710 16056 2412
1522606715 5127 3296 5710 16056 2412
1522609760 5136 3296 5710 16056 2412
1522611012 5136 3296 5713 16056 2412
1522614258 5162 3296 5713 16056 2412
1522616667 5168 3296 5713 16056 2412
1522623558 5168 3296 5713 16056 2412
1522682126 5168 3296 5780 16056 2412
1522691656 5171 3296 5780 16056 2412
1522691878 5171 3296 5780 16056 2412
1522710139 5198 3296 5780 16056 2412
1522723039 5198 3296 5780 16124 2412
1522764166 5198 3296 5780 16125 2412
1522769175 5198 3296 5780 16172 2412
1522775523 5198 3369 5780 16172 2412
1522785189 5198 3385 5780 16172 2412
1522787503 5258 3385 5780 16172 2412
1522791261 5263 3385 5780 16172 2412
1522800137 5263 3385 5780 16172 2508
1522862103 5263 3416 5780 16172 2508
1522866310 5263 3466 5780 16172 2508
1522867481 5263 3476 5780 16172 2508
1522870433 5263 3476 5780 16172 2556
1522871775 5263 3531 5780 16172 2556
1522876363 5263 3562 5780 16172 2556
1522881198 5263 3633 5780 16172 2556
1522884509 5263 3650 5780 16172 2556
1522888556 5263 3673 5780 16172 2556
1522893373 5263 3690 5780 16172 2556
1522894535 5263 3690 5780 16172 2616
1522895826 5263 3710 5780 16172 2616
1522896922 5263 3710 6152 16172 2616
1522952494 5285 3710 6152 16172 2616
1522953058 5285 3710 6152 16172 2616
1522953394 5285 3710 6152 16211 2616
1522954569 5285 3714 6152 16211 2616
1522954679 5286 3714 6152 16211 2616
1522955161 5286 3714 6152 16211 2616
1522956358 5300 3714 6152 16211 2616
1522960304 5418 3714 6152 16211 2616
1522961386 5422 3714 6152 16211 2616
1522990407 5498 3714 6152 16211 2616
1523019168 5498 3714 6152 16211 2626
1523027051 5569 3714 6152 16211 2626
1523030078 5643 3714 6152 16211 2626
1523030260 5645 3714 6152 16211 2626
1523030727 5645 3714 6152 16211 2779
1523031635 5649 3714 6152 16211 2779
1523033748 5649 3714 6152 16211 2789
1523036723 5649 3714 6152 16211 2817
1523050596 5661 3714 6152 16211 2817
1523050902 5663 3714 6152 16211 2817
1523052114 5663 3714 6152 16211 2817
1523059573 5663 3714 6152 16211 2823
1523068845 5663 3714 6152 16280 2823
1523071257 5663 3714 6152 16292 2823
1523123698 5663 3714 6152 16301 2823
1523131572 5663 3714 6152 16319 2823
1523136568 5663 3714 6152 16371 2823
1523139805 5663 3714 6152 16410 2823
1523140609 5663 3714 6152 16441 2823
1523154232 5708 3714 6152 16441 2823
1523156318 5708 3714 6152 16700 2823
1523157670 5708 3714 6152 16705 2823
1523171730 5708 3714 6152 16705 2888
1523171813 5708 3714 6152 16705 2889
1523173127 5708 3714 6152 16705 2958
1523218288 5708 3714 6152 16708 2958
1523219046 5715 3714 6152 16708 2958
1523219963 5715 3714 6152 16708 2958
1523220108 5715 3714 6152 16720 2958
1523220370 5715 3714 6152 16720 2958
1523220446 5727 3714 6152 16720 2958
1523220643 5727 3714 6152 16720 2958
1523220979 5727 3714 6152 16720 2958
1523221097 5727 3714 6152 16720 2958
1523221140 5727 3714 6152 16720 2963
1523221327 5727 3714 6152 16720 2963
1523221603 5727 3718 6152 16720 2963
1523222462 5728 3718 6152 16720 2963
1523222585 5728 3718 6152 16720 2963
1523222670 5728 3718 6152 16720 2963
1523223244 5728 3718 6152 16720 2969
1523223248 5728 3718 6152 16720 2969
1523223669 5728 3718 6152 16729 2969
1523224837 5728 3718 6152 16729 2974
1523224952 5728 3718 6152 16729 2974
1523225564 5728 3718 6152 16729 2976
1523290051 5736 3718 6152 16729 2976
1523291111 5746 3718 6152 16729 2976
1523293576 5833 3718 6152 16729 2976
1523295495 5833 3718 6152 16758 2976
1523300674 5833 3718 6152 16811 2976
1523300745 5833 3718 6152 16811 2976
1523301172 5833 3718 6152 16811 3000
1523301476 5833 3718 6152 16811 3000
1523310164 5833 3718 6152 16811 3021
1523321080 5833 3718 6583 16811 3021
1523326989 5833 3718 6644 16811 3021
1523329434 5833 3718 6652 16811 3021
1523331540 5833 3718 6677 16811 3021
1523367712 5833 3718 6677 16811 3050
1523369251 5833 3718 6677 16811 3050
1523369266 5833 3718 6736 16811 3050
1523369377 5833 3718 6736 16811 3052
1523370576 5833 3762 6736 16811 3052
1523370679 5833 3762 6739 16811 3052
1523372042 5833 3762 6740 16811 3052
1523372082 5833 3762 6741 16811 3052
1523374100 5833 3762 6741 16872 3052
1523375418 5903 3762 6741 16872 3052
1523375604 5903 3793 6741 16872 3052
1523375826 5903 3793 6741 16872 3052
1523376396 5903 3793 6741 16872 3052
1523376770 5908 3793 6741 16872 3052
1523376880 5908 3793 6741 16877 3052
1523377003 5908 3793 6741 16877 3052
1523401811 5908 3793 6741 16935 3052
1523473253 5908 3793 6741 16935 3073
1523475391 5908 3793 6741 16958 3073
1523479295 5908 3793 6741 16958 3081
1523479347 5908 3793 6741 16958 3081
1523480970 5908 3793 6741 16958 3082
1523493612 5908 3793 6741 16958 3102
1523494744 5909 3793 6741 16958 3102
1523497372 5926 3793 6741 16958 3102
1523497555 5926 3793 6741 16988 3102
1523497807 5926 3793 6741 16988 3249
1523506381 6087 3793 6741 16988 3249
1523506994 6092 3793 6741 16988 3249
1523507914 6098 3793 6741 16988 3249
1523508407 6103 3793 6741 16988 3249
1523552208 6103 3803 6741 16988 3249
1523552592 6103 3810 6741 16988 3249
1523552931 6103 3828 6741 16988 3249
1523554350 6409 3828 6741 16988 3249
1523554450 6409 3889 6741 16988 3249
1523555354 6409 3916 6741 16988 3249
1523556132 6439 3916 6741 16988 3249
1523556878 6444 3916 6741 16988 3249
1523557172 6444 3947 6741 16988 3249
1523559950 6502 3947 6741 16988 3249
1523560351 6504 3947 6741 16988 3249
1523561185 6504 3947 6741 16988 3249
1523562191 6504 3947 6779 16988 3249
1523562647 6504 3947 6779 16988 3249
1523564039 6504 3977 6779 16988 3249
1523564911 6528 3977 6779 16988 3249
1523566810 6528 3977 6779 16988 3410
1523567074 6528 3977 6779 16988 3410
1523576671 6528 3977 6779 17136 3410
1523582826 6528 3977 6779 17136 3443
1523582921 6528 3977 6779 17136 3443
1523583674 6528 3977 6779 17367 3443
1523585354 6528 3977 6779 17367 3450
1523585912 6528 3977 6779 17367 3450
1523586340 6528 3977 6779 17367 3670
1523591103 6528 3977 7099 17367 3670
1523591371 6528 3977 7103 17367 3670
1523597277 6528 3977 7103 17367 3670
1523627422 6528 3986 7103 17367 3670
1523634827 6528 3986 7258 17367 3670
1523635587 6528 3986 7421 17367 3670
1523636159 6676 3986 7421 17367 3670
1523636793 6676 3986 7430 17367 3670
1523668692 6676 3986 7430 17386 3670
1523669549 6676 3986 7430 17386 3670
1523670419 6676 3986 7430 17390 3670
1523675240 6681 3986 7430 17390 3670
1523675866 6682 3986 7430 17390 3670
1523730694 6682 3986 7430 17689 3670
1523735857 6682 3986 7430 17689 3731
1523735869 6682 3986 7430 17689 3731
1523736055 6682 3986 7430 17689 3731
1523736221 6682 3986 7430 17689 3731
1523738349 6730 3986 7430 17689 3731
1523741533 6730 3986 7430 17689 3731
1523742100 6730 3986 7430 17689 3732
1523742417 6730 3986 7430 17908 3732
1523742801 6730 3986 7430 17908 3732
1523743025 6730 3986 7430 17909 3732
1523745419 6730 4005 7430 17909 3732
1523746121 6730 4007 7430 17909 3732
1523749573 6730 4023 7430 17909 3732
1523750158 6730 4032 7430 17909 3732
1523766633 6730 4032 7430 18117 3732
1523769550 6730 4032 7430 18136 3732
1523770136 6730 4032 7430 18149 3732
1523770482 6730 4032 7430 18162 3732
1523805321 6730 4033 7430 18162 3732
1523805611 6730 4037 7430 18162 3732
1523805872 6730 4038 7430 18162 3732
1523806645 6730 4083 7430 18162 3732
1523806689 6730 4084 7430 18162 3732
1523808992 6730 4084 7430 18162 3732
1523810570 6730 4086 7430 18162 3732
1523810660 6730 4088 7430 18162 3732
1523813116 6800 4088 7430 18162 3732
1523814716 6823 4088 7430 18162 3732
1523815046 6823 4088 7430 18162 3732
1523815715 6823 4088 7430 18162 3732
1523816218 6825 4088 7430 18162 3732
1523816545 6825 4091 7430 18162 3732
1523816688 6825 4091 7430 18162 3732
1523818180 6827 4091 7430 18162 3732
1523818874 6835 4091 7430 18162 3732
1523822907 6835 4091 7643 18162 3732
1523823713 6835 4091 7660 18162 3732
1523825200 6835 4091 7677 18162 3732
1523826053 6835 4091 7687 18162 3732
1523830625 6835 4178 7687 18162 3732
1523835111 6835 4204 7687 18162 3732
1523835227 6835 4204 7687 18162 3732
1523842669 6835 4204 7687 18281 3732
1523842705 6835 4204 7687 18281 3732
1523842927 6835 4204 7687 18281 3732
1523843455 6835 4210 7687 18281 3732
1523844072 6856 4210 7687 18281 3732
1523844522 6856 4210 7687 18281 3732
1523845448 6856 4299 7687 18281 3732
1523845634 6856 4303 7687 18281 3732
1523846692 6856 4329 7687 18281 3732
1523847062 6856 4333 7687 18281 3732
1523847865 6856 4333 7726 18281 3732
1523848306 6856 4333 7726 18281 3732
1523849109 6897 4333 7726 18281 3732
1523849667 6899 4333 7726 18281 3732
1523852405 6910 4333 7726 18281 3732
1523852610 6910 4333 7726 18281 3732
1523853046 6914 4333 7726 18281 3732
1523853299 6915 4333 7726 18281 3732
1523857862 6915 4333 7817 18281 3732
1523869121 6915 4333 7918 18281 3732
1523873260 6915 4333 7918 18281 3904
1523873444 6915 4333 7918 18281 3904
1523874874 6915 4333 8013 18281 3904
1523875317 6915 4333 8013 18281 3943
1523875871 6915 4333 8013 18281 3948
1523878601 6915 4333 8013 18281 4011
1523879144 6915 4333 8013 18281 4063
1523881002 6915 4333 8013 18281 4134
1523881595 6915 4333 8013 18281 4135
1523882130 6915 4333 8116 18281 4135
1523898117 6915 4333 8116 18281 4135
1523899060 6915 4333 8116 18281 4152
1523900257 6915 4333 8116 18281 4154
1523903325 6915 4378 8116 18281 4154
1523911797 6915 4378 8116 18285 4154
1523913272 6915 4378 8116 18322 4154
1523913575 6915 4378 8116 18322 4154
1523916243 6915 4378 8116 18471 4154
1523929833 6915 4489 8116 18471 4154
1523936418 6915 4489 8116 18471 4154
1523937220 6915 4551 8116 18471 4154
1523937426 6915 4551 8116 18471 4154
1523937930 6933 4551 8116 18471 4154
1523938574 6939 4551 8116 18471 4154
1523972806 6939 4551 8116 18471 4156
1523972948 6939 4551 8116 18471 4156
1523973714 6939 4551 8116 18471 4159
1523974516 6939 4551 8116 18471 4168
1523976901 6939 4551 8116 18471 4814
1523979804 6939 4558 8116 18471 4814
1523979957 6939 4558 8116 18471 4814
1523981916 6939 4567 8116 18471 4814
1523982220 6939 4585 8116 18471 4814
1523983362 6939 4585 8116 18471 4823
1523985445 6939 4607 8116 18471 4823
1523985613 6996 4607 8116 18471 4823
1523986942 6996 4624 8116 18471 4823
1523988247 7055 4624 8116 18471 4823
1523989279 7055 4660 8116 18471 4823
1523989501 7055 4706 8116 18471 4823
1523989613 7055 4706 8116 18471 4823
1523990435 7055 4714 8116 18471 4823
1523990550 7055 4714 8116 18471 4823
1523990732 7055 4714 8204 18471 4823
1523991690 7055 4718 8204 18471 4823
1523993023 7055 4725 8204 18471 4823
1523994009 7055 4725 8204 18471 4939
1523995410 7055 4735 8204 18471 4939
1523997730 7055 4756 8204 18471 4939
1523997916 7055 4758 8204 18471 4939
1523999571 7124 4758 8204 18471 4939
1524000526 7194 4758 8204 18471 4939
1524000614 7194 4758 8204 18471 4974
1524001052 7270 4758 8204 18471 4974
1524002501 7281 4758 8204 18471 4974
1524003313 7281 4758 8204 18471 4974
1524003400 7291 4758 8204 18471 4974
1524003783 7291 4758 8204 18471 4974
1524006106 7298 4758 8204 18471 4974
1524007705 7318 4758 8204 18471 4974
1524008275 7318 4758 8204 18471 4974
1524008519 7318 4758 8204 18480 4974
1524008553 7318 4758 8204 18480 4974
1524014240 7318 4758 8204 18480 5081
1524014371 7318 4758 8214 18480 5081
1524014471 7318 4758 8214 18480 5081
1524014624 7318 4758 8214 18480 5081
1524015931 7318 4758 8214 18480 5113
1524016574 7318 4758 8214 18480 5145
1524017476 7318 4758 8214 18480 5175
1524018039 7318 4758 8214 18480 5175
1524018173 7318 4758 8214 18597 5175
1524018490 7318 4758 8214 18597 5175
1524019723 7318 4778 8214 18597 5175
1524020143 7318 4795 8214 18597 5175
1524021740 7350 4795 8214 18597 5175
1524021784 7350 4811 8214 18597 5175
1524022364 7381 4811 8214 18597 5175
1524023196 7381 4811 8256 18597 5175
1524023259 7381 4811 8256 18597 5175
1524023462 7386 4811 8256 18597 5175
1524023971 7386 4841 8256 18597 5175
1524024151 7386 4841 8256 18597 5175
1524024507 7386 4841 8256 18745 5175
1524025281 7386 4841 8256 18745 5175
1524027008 7386 4841 8279 18745 5175
1524027247 7389 4841 8279 18745 5175
1524036424 7389 4841 8279 18745 5188
1524038593 7389 4841 8279 18817 5188
1524039762 7389 4841 8279 18845 5188
1524045117 7389 4841 8279 18972 5188
1524047942 7389 4841 8279 18972 5193
1524048133 7389 4841 8279 18972 5193
1524071876 7389 4841 8279 18972 5193
1524076983 7389 4841 8314 18972 5193
1524077216 7389 4841 8315 18972 5193
1524078812 7389 4841 8315 18972 5193
1524080438 7389 4841 8315 19033 5193
1524080780 7389 4841 8315 19033 5193
1524081540 7404 4841 8315 19033 5193
1524082057 7404 4841 8315 19050 5193
1524084458 7455 4841 8315 19050 5193
1524084976 7455 4841 8315 19050 5193
1524085445 7455 4841 8382 19050 5193
1524086023 7455 4841 8382 19050 5193
1524086787 7455 4841 8448 19050 5193
1524086878 7455 4841 8448 19050 5210
1524088022 7455 4841 8454 19050 5210
1524088567 7455 4874 8454 19050 5210
1524089173 7455 4874 8454 19050 5210
1524089439 7455 4874 8454 19052 5210
1524089520 7455 4874 8454 19052 5210
1524091324 7455 4910 8454 19052 5210
1524092175 7793 4910 8454 19052 5210
1524092320 7793 4910 8454 19052 5210
1524092518 7806 4910 8454 19052 5210
1524092564 7806 4924 8454 19052 5210
1524093024 7806 4924 8454 19052 5344
1524093081 7808 4924 8454 19052 5344
1524093127 7808 4924 8454 19140 5344
1524093757 7808 4924 8454 19140 5344
1524094316 7808 4924 8454 19140 5344
1524094922 7808 4924 8454 19143 5344
1524096304 7808 4958 8454 19143 5344
1524096849 7819 4958 8454 19143 5344
1524097223 7819 4958 8454 19143 5344
1524097281 7819 4999 8454 19143 5344
1524097285 7819 4999 8454 19184 5344
1524097291 7819 4999 8454 19184 5344
1524097455 7819 4999 8454 19184 5344
1524097520 7819 4999 8454 19187 5344
1524098474 7819 4999 8454 19187 5473
1524098962 7819 4999 8454 19187 5473
1524099019 7819 4999 8454 19187 5476
1524100212 7827 4999 8454 19187 5476
1524101577 7897 4999 8454 19187 5476
1524102193 7901 4999 8454 19187 5476
1524103108 7901 4999 8454 19187 5562
1524106106 7904 4999 8454 19187 5562
1524106802 7904 4999 8454 19187 5573
1524107144 7904 4999 8454 19187 5573
1524107207 7904 5006 8454 19187 5573
1524107289 7904 5006 8454 19187 5576
1524107399 7904 5006 8454 19187 5576
1524107540 7904 5007 8454 19187 5576
1524108188 7904 5007 8454 19187 5586
1524108263 7905 5007 8454 19187 5586
1524108436 7905 5007 8454 19187 5586
1524109412 7905 5007 8464 19187 5586
1524109500 7905 5007 8473 19187 5586
1524109608 7905 5007 8483 19187 5586
1524109884 7910 5007 8483 19187 5586
